(
    (  1.0000  950.00000)
    (820.9800  950.00000)
    (821.9015  950.00000)
    (822.8230  950.00000)
    (823.7445  950.00000)
    (824.6660  950.00000)
    (825.5875  950.00001)
    (826.5090  950.00003)
    (827.4305  950.00007)
    (828.3520  950.00013)
    (829.2735  950.00025)
    (830.1950  950.00044)
    (831.1165  950.00074)
    (832.0380  950.00117)
    (832.9595  950.00179)
    (833.8810  950.00266)
    (834.8025  950.00384)
    (835.7240  950.00542)
    (836.6455  950.00749)
    (837.5670  950.01016)
    (838.4885  950.01356)
    (839.4100  950.01782)
    (840.3315  950.02312)
    (841.2530  950.02963)
    (842.1745  950.03755)
    (843.0960  950.04712)
    (844.0175  950.05857)
    (844.9390  950.07220)
    (845.8605  950.08829)
    (846.7820  950.10718)
    (847.7035  950.12923)
    (848.6250  950.15484)
    (849.5465  950.18442)
    (850.4680  950.21843)
    (851.3895  950.25738)
    (852.3110  950.30179)
    (853.2325  950.35222)
    (854.1540  950.40931)
    (855.0755  950.47369)
    (855.9970  950.54607)
    (856.9185  950.62718)
    (857.8400  950.71782)
    (858.7615  950.81883)
    (859.6830  950.93109)
    (860.6045  951.05555)
    (861.5260  951.19319)
    (862.4475  951.34508)
    (863.3690  951.51231)
    (864.2905  951.69605)
    (865.2120  951.89753)
    (866.1335  952.11804)
    (867.0550  952.35893)
    (867.9765  952.62161)
    (868.8980  952.90758)
    (869.8195  953.21839)
    (870.7410  953.55566)
    (871.6625  953.92111)
    (872.5840  954.31650)
    (873.5055  954.74368)
    (874.4270  955.20459)
    (875.3485  955.70124)
    (876.2700  956.23573)
    (877.1915  956.81022)
    (878.1130  957.42700)
    (879.0345  958.08840)
    (879.9560  958.79688)
    (880.8775  959.55496)
    (881.7990  960.36529)
    (882.7205  961.23058)
    (883.6420  962.15366)
    (884.5635  963.13746)
    (885.4850  964.18499)
    (886.4065  965.29939)
    (887.3280  966.48389)
    (888.2495  967.74184)
    (889.1710  969.07669)
    (890.0925  970.49201)
    (891.0140  971.99148)
    (891.9355  973.57889)
    (892.8570  975.25816)
    (893.7785  977.03332)
    (894.7000  978.90853)
    (895.6215  980.88808)
    (896.5430  982.97636)
    (897.4645  985.17793)
    (898.3860  987.49744)
    (899.3075  989.93969)
    (900.2290  992.50963)
    (901.1505  995.21233)
    (902.0720  998.05300)
    (902.9935 1001.03699)
    (903.9150 1004.16980)
    (904.8365 1007.45708)
    (905.7580 1010.90462)
    (906.6795 1014.51837)
    (907.6010 1018.30440)
    (908.5225 1022.26899)
    (909.4440 1026.41853)
    (910.3655 1030.75959)
    (911.2870 1035.29890)
    (912.2085 1040.04335)
    (913.1300 1045.00000)
    (9999.0000 1045.00000)
)
