(
    (273.0000 1179.12205)
    (276.9196 1179.12205)
    (280.8392 1179.12205)
    (284.7588 1179.12205)
    (288.6784 1179.12205)
    (292.5980 1179.12205)
    (296.5176 1179.12205)
    (300.4372 1179.12205)
    (304.3568 1179.12205)
    (308.2764 1179.12205)
    (312.1960 1179.12205)
    (316.1156 1179.12205)
    (320.0352 1179.12205)
    (323.9548 1179.12205)
    (327.8744 1179.12205)
    (331.7940 1179.12205)
    (335.7136 1179.12205)
    (339.6332 1179.12205)
    (343.5528 1179.12205)
    (347.4724 1179.12205)
    (351.3920 1179.12205)
    (355.3116 1179.12205)
    (359.2312 1179.12205)
    (363.1508 1179.12205)
    (367.0704 1179.12205)
    (370.9899 1179.12205)
    (374.9095 1179.12205)
    (378.8291 2181.75851)
    (382.7487 5358.49138)
    (386.6683 11737.14555)
    (390.5879 22051.18627)
    (394.5075 36859.86298)
    (398.4271 56597.03559)
    (402.3467 81604.45124)
    (406.2663 112154.95778)
    (410.1859 148469.03400)
    (414.1055 190726.77868)
    (418.0251 239076.75016)
    (421.9447 293642.58133)
    (425.8643 354527.99666)
    (429.7839 421820.66448)
    (433.7035 495595.18796)
    (437.6231 575915.45158)
    (441.5427 662836.47940)
    (445.4623 756405.91969)
    (449.3819 856665.24075)
    (453.3015 963650.70134)
    (457.2211 1077394.14387)
    (461.1407 1197923.64691)
    (465.0603 1325264.06535)
    (468.9799 1459437.48011)
    (472.8995 1600463.57468)
    (476.8191 1748359.95183)
    (480.7387 1903142.40151)
    (484.6583 2064825.12835)
    (488.5779 2233420.94575)
    (492.4975 2408941.44211)
    (496.4171 2591397.12384)
    (500.3367 2780797.53876)
    (504.2563 2977151.38294)
    (508.1759 3180466.59366)
    (512.0955 3390750.43037)
    (516.0151 3608009.54557)
    (519.9347 3832250.04689)
    (523.8543 4063477.55183)
    (527.7739 4301697.23587)
    (531.6935 4546913.87519)
    (535.6131 4799131.88438)
    (539.5327 5058355.35009)
    (543.4523 5324588.06087)
    (547.3719 5597833.53388)
    (551.2915 5878095.03880)
    (555.2111 6165375.61916)
    (559.1307 6459678.11161)
    (563.0503 6761005.16317)
    (566.9698 7069359.24684)
    (570.8894 7384742.67566)
    (574.8090 7707157.61543)
    (578.7286 8036606.09626)
    (582.6482 8373090.02301)
    (586.5678 8716611.18483)
    (590.4874 9067171.26377)
    (594.4070 9424771.84274)
    (598.3266 9789414.41266)
    (602.2462 10161100.37904)
    (606.1658 10539831.06807)
    (610.0854 10925607.73205)
    (614.0050 11318431.55455)
    (617.9246 11718303.65500)
    (621.8442 12125225.09302)
    (625.7638 12539196.87233)
    (629.6834 12960219.94440)
    (633.6030 13388295.21181)
    (637.5226 13823423.53135)
    (641.4422 14265605.71688)
    (645.3618 14714842.54199)
    (649.2814 15171134.74246)
    (653.2010 15634483.01855)
    (657.1206 16104888.03711)
    (661.0402 16582350.43353)
    (664.9598 17066870.81362)
    (668.8794 17558449.75527)
    (672.7990 18057087.81006)
    (676.7186 18562785.50472)
    (680.6382 19075543.34256)
    (684.5578 19595361.80469)
    (688.4774 20122241.35130)
    (692.3970 20656182.42272)
    (696.3166 21197185.44054)
    (700.2362 21745250.80855)
    (704.1558 22300378.91371)
    (708.0754 22862570.12696)
    (711.9950 23431824.80410)
    (715.9146 24008143.28653)
    (719.8342 24591525.90198)
    (723.7538 25181972.96515)
    (727.6734 25779484.77840)
    (731.5930 26384061.63234)
    (735.5126 26995703.80637)
    (739.4322 27614411.56923)
    (743.3518 28240185.17951)
    (747.2714 28873024.88611)
    (751.1910 29512930.92871)
    (755.1106 30159903.53817)
    (759.0302 30813942.93695)
    (762.9497 31475049.33948)
    (766.8693 32143222.95252)
    (770.7889 32818463.97550)
    (774.7085 33500772.60085)
    (778.6281 34190149.01428)
    (782.5477 34886593.39511)
    (786.4673 35590105.91651)
    (790.3869 36300686.74576)
    (794.3065 37018336.04453)
    (798.2261 37743053.96909)
    (802.1457 38474840.67052)
    (806.0653 39213696.29496)
    (809.9849 39959620.98378)
    (813.9045 40712614.87380)
    (817.8241 41472678.09742)
    (821.7437 42239810.78288)
    (825.6633 43014013.05433)
    (829.5829 43795285.03207)
    (833.5025 44583626.83265)
    (837.4221 45379038.56903)
    (841.3417 46181520.35072)
    (845.2613 46991072.28390)
    (849.1809 47807694.47155)
    (853.1005 48631387.01360)
    (857.0201 49462150.00699)
    (860.9397 50299983.54580)
    (864.8593 51144887.72138)
    (868.7789 51996862.62242)
    (872.6985 52855908.33506)
    (876.6181 53722024.94296)
    (880.5377 54595212.52743)
    (884.4573 55475471.16745)
    (888.3769 56362800.93984)
    (892.2965 57257201.91923)
    (896.2161 58158674.17822)
    (900.1357 59067217.78742)
    (904.0553 59982832.81550)
    (907.9749 60905519.32928)
    (911.8945 61835277.39380)
    (915.8141 62772107.07233)
    (919.7337 63716008.42648)
    (923.6533 64666981.51626)
    (927.5729 65625026.40006)
    (931.4925 66590143.13480)
    (935.4121 67562331.77591)
    (939.3317 68541592.37737)
    (943.2513 69527924.99184)
    (947.1709 70521329.67060)
    (951.0905 71521806.46365)
    (955.0101 72529355.41975)
    (958.9296 73543976.58643)
    (962.8492 74565670.01007)
    (966.7688 75594435.73588)
    (970.6884 76630273.80800)
    (974.6080 77673184.26946)
    (978.5276 78723167.16228)
    (982.4472 79780222.52748)
    (986.3668 80844350.40506)
    (990.2864 81915550.83413)
    (994.2060 82993823.85283)
    (998.1256 84079169.49843)
    (1002.0452 85171587.80733)
    (1005.9648 86271078.81508)
    (1009.8844 87377642.55643)
    (1013.8040 88491279.06532)
    (1017.7236 89611988.37491)
    (1021.6432 90739770.51763)
    (1025.5628 91874625.52518)
    (1029.4824 93016553.42852)
    (1033.4020 94165554.25797)
    (1037.3216 95321628.04313)
    (1041.2412 96484774.81299)
    (1045.1608 97654994.59587)
    (1049.0804 98832287.41951)
    (1053.0000 100016653.31103)
)